> x
 [1]          NA  0.65935794          NA          NA          NA -0.07776494  0.15169433          NA
 [9]  1.67317342 -1.00420426 -0.18543593          NA          NA  0.49107550  1.10199014          NA
[17]  1.52777894  1.04004275  1.67379511          NA  1.32620169 -0.80454845          NA          NA
[25]  0.54948448 -0.74157187          NA  2.50989514  1.60878080          NA          NA          NA
[33]          NA -0.30529487          NA          NA          NA          NA  0.07694109  0.96446852

> x[1:10]
 [1]          NA  0.65935794          NA          NA          NA -0.07776494  0.15169433          NA
 [9]  1.67317342 -1.00420426

> x[is.na(x)]
 [1] NA NA NA NA NA NA NA NA NA NA NA NA NA NA NA NA NA NA NA NA

> Y <- X[!is.na(x)]

> y <- x[!is.na(x)]

> y
 [1]  0.65935794 -0.07776494  0.15169433  1.67317342 -1.00420426 -0.18543593  0.49107550  1.10199014
 [9]  1.52777894  1.04004275  1.67379511  1.32620169 -0.80454845  0.54948448 -0.74157187  2.50989514
[17]  1.60878080 -0.30529487  0.07694109  0.96446852

> y[y > 0]
 [1] 0.65935794 0.15169433 1.67317342 0.49107550 1.10199014 1.52777894 1.04004275 1.67379511
 [9] 1.32620169 0.54948448 2.50989514 1.60878080 0.07694109 0.96446852

> x[x > 0]
 [1]         NA 0.65935794         NA         NA         NA 0.15169433         NA 1.67317342
 [9]         NA         NA 0.49107550 1.10199014         NA 1.52777894 1.04004275 1.67379511
[17]         NA 1.32620169         NA         NA 0.54948448         NA 2.50989514 1.60878080
[25]         NA         NA         NA         NA         NA         NA         NA         NA
[33] 0.07694109 0.96446852

> x[!is.na(x) & x > 0]
 [1] 0.65935794 0.15169433 1.67317342 0.49107550 1.10199014 1.52777894 1.04004275 1.67379511
 [9] 1.32620169 0.54948448 2.50989514 1.60878080 0.07694109 0.96446852

> x[c(3, 5, 7)]
[1]        NA        NA 0.1516943

> x[0]
numeric(0)

> x[3000]
[1] NA

> x[c(-2, -10)]
 [1]          NA          NA          NA          NA -0.07776494  0.15169433          NA  1.67317342
 [9] -0.18543593          NA          NA  0.49107550  1.10199014          NA  1.52777894  1.04004275
[17]  1.67379511          NA  1.32620169 -0.80454845          NA          NA  0.54948448 -0.74157187
[25]          NA  2.50989514  1.60878080          NA          NA          NA          NA -0.30529487
[33]          NA          NA          NA          NA  0.07694109  0.96446852
> x[-c(2, 10)]

> vect <- c(foo=11, bar=2, norf=NA)

> vect
 foo  bar norf 
  11    2   NA 

> names(vect)
[1] "foo"  "bar"  "norf"

> vect2 <- c(11, 2, NA)

> names(vect2) <- c("foo", "bar", "norf")

> identical(vect, vect2)
[1] TRUE

> vect["bar"]
bar 
  2 

> vect[c("foo", "bar")]
foo bar 
 11   2 
